687637 550774 743457 389771 336087 156556 849543 358663 561930 336587 802831 713774 981373 756961 767600 157378
186915 438882 484939 237199 427201 766590 668653 670153 919153 554833 401191 872395 817787 509673 236132 263868
117326 211478 439546 332158 321722 934077 622690 599274 503851 835342 296844 812478 514171 598272 401680 315919
467152 873556 233382 737813 285539 178336 145577 896588 947901 836336 780736 221542 527911 694729 757390 435670
751660 992871 134944 151775 466134 115948 398091 538854 429347 341742 863009 122642 866725 847168 965908 929738
938829 570954 815372 656675 466638 720208 409328 323063 757487 597192 946646 706945 598722 358056 600899 578707
803970 265535 333827 177420 832699 717000 280298 790699 969750 616238 360823 418618 368412 644400 425865 324050
224916 163621 640898 599071 393746 290911 255616 901366 141280 685107 732568 950308 403050 774202 626777 408461
500190 732889 889912 671871 838562 372656 746123 806729 666832 768569 728656 517977 303567 553876 333545 991605
498921 666928 225348 596035 159181 485166 776811 927447 902889 479217 306079 524036 387982 918159 600682 736283
281214 526734 697182 989109 807898 435068 942535 409036 760155 422441 869482 261214 145046 463143 794664 372900
289432 678039 563864 382073 341142 819011 116296 504489 603972 369296 344799 233218 354038 267558 488625 326165
802848 174613 906090 836091 894887 971117 525579 639746 281955 926727 774824 117627 172966 469723 649931 448405
669672 369457 156348 321657 576366 583386 987243 747964 763147 919345 292689 123098 182630 494872 426271 279647
733587 771175 361529 725880 293673 541712 389958 668985 282714 916521 617993 510188 485710 568168 448400 897945
704002 961515 324002 947601 742014 382870 704485 440941 913232 920489 982190 964018 410717 981788 536903 623172