926934 264827 430713 116943 503467 740216 890557 795473 863078 558477 787543 470546 868378 593440 227666 545281 717973 664017 581594 866385 224627 622081 462903 744205 815968 895822 872354 999568 127983 765267 799538 622979
576658 173626 856362 973268 588092 361211 738801 293171 541324 407896 251143 894546 925894 578032 518783 243868 944495 894016 816255 753686 782431 785981 694363 760720 239457 324477 583833 593491 987382 485023 351899 538163
929664 722274 196956 999251 531537 745012 113077 163120 825759 924361 474904 297741 273146 964224 446887 983828 333519 264630 149310 115883 395885 746259 680341 654141 276704 542791 852220 124005 674736 531699 758285 390959
337760 822396 220287 294735 718900 648507 956517 833322 287238 738068 864590 492610 850749 826092 177571 175499 171504 143492 992946 681874 441955 998357 657811 492130 715185 845538 554619 456821 389636 470082 272748 383918
345950 786408 720691 643452 460151 354830 280248 673733 456619 739583 340704 967289 304700 281635 500867 774452 180181 723248 671919 463283 719364 228437 787257 324067 829872 585208 499043 411405 172803 379730 666368 307679
154308 976243 454838 685801 204763 615609 128020 373193 631318 760549 836898 694721 327352 261141 544708 988904 908687 519881 755367 909443 168546 175139 355523 817183 780156 262961 660889 597918 378292 158170 492367 543821
236447 478503 825988 136089 510552 555411 122442 300898 721992 879770 602037 164473 540621 383765 255578 967565 938148 446368 498897 773123 680844 111621 255789 778888 739898 985173 414056 911534 526175 218605 607220 276818
140615 279125 509051 276735 684912 660318 746757 610335 324863 735571 972746 947138 670974 636105 366234 207297 777846 325852 227801 345158 446641 731386 347733 271361 781279 956770 827266 959140 544407 678583 978505 907946
605533 671755 786009 340414 311239 508685 592693 383845 945681 862974 890166 575425 229914 118163 401987 752786 106208 310721 308709 903303 876703 157764 837456 439837 157844 746355 354522 922619 142480 531479 818406 670657
211426 803968 817092 875259 137278 884312 422083 175278 946473 234147 790925 332779 875324 733431 168226 431059 250738 684872 390595 563502 409786 235954 493772 622365 416399 664085 178845 833362 241640 978834 445500 783959
476712 926328 551481 917953 297432 402444 113467 852868 190138 933136 459784 367912 118008 820280 171841 701960 388852 988465 400270 833467 277680 586410 223852 283636 572691 283771 553714 538644 932471 756248 904288 893684
847031 607535 331602 445566 400880 293500 373533 323558 352887 755737 756654 246990 470702 419128 826030 268081 115572 834759 437703 962485 959863 495062 184088 341968 904412 608986 372483 378340 413133 117580 765530 590104
431563 845573 485169 186800 968929 404962 694304 183930 697322 933995 140594 903876 517744 344828 760954 700338 699965 402070 763682 205726 181239 428068 647941 289235 339553 258883 602412 917992 527492 493908 562113 378802
162052 472991 384151 822547 505689 931587 122779 703100 734118 500098 869894 991639 148759 620451 593087 235144 191072 966301 122454 244298 723761 867115 197676 867034 283222 257850 376061 640618 955964 766603 606208 659694
605425 904656 180674 331688 827980 195785 150800 299385 760239 927785 522621 346531 836165 853770 877183 336480 666542 154380 748543 565829 588645 527324 877126 611789 757713 360162 785704 704335 719376 530331 477108 193698
606156 537868 552718 328025 390802 456670 696176 859750 576657 185880 184668 936736 340536 287045 672907 494626 165873 984958 657128 333931 711874 335382 812476 968858 732612 836130 265604 138514 656427 193044 317271 551064
490941 166333 999422 338556 153815 619835 213121 994458 346687 358195 643508 806702 783445 540181 266979 626250 119542 637064 319632 474757 188818 398099 959172 433695 776539 667376 716165 351133 760813 856556 111103 958220
297492 192493 550196 115648 851974 492968 263607 973114 680274 722346 373351 874030 578341 124383 437126 304314 789356 876866 978542 187680 605316 688616 666332 132471 794064 149477 556524 453745 984451 491806 856982 836916
397243 255973 302024 990672 319592 680748 293837 200070 408479 824269 384096 999774 236018 297724 700001 715277 297351 158529 472657 420050 867501 279026 702921 789825 603892 751048 236683 731062 885992 908535 462883 464544
219852 912820 915366 594104 366259 883234 703411 701401 849233 842640 703552 883101 882911 144931 249140 924998 675457 365633 281423 387307 357645 969612 251137 209318 551097 302321 960050 255356 769185 592091 379506 745191
189420 366239 785593 472080 522979 612291 334365 154981 552170 106156 138820 451241 851267 817952 604978 526013 447110 542308 203187 921801 447329 160111 513600 181681 308281 777784 166943 441113 786606 861617 769448 394325
487187 821528 129361 353911 168041 861685 806790 570609 388980 529436 627378 124805 170137 994718 754587 482299 961855 870343 171499 321394 392770 804052 948631 894804 848873 619620 655641 927452 986812 153970 680666 461343
744134 807870 292236 623538 419854 472005 360897 907458 344453 649182 541018 547620 351394 564338 816061 857864 999068 506189 162806 352899 344088 912659 740895 827027 300130 623296 658608 377854 917774 671883 782128 330079
456861 617031 870084 671619 355936 308072 676811 300608 458918 948408 822522 952878 604244 876163 874548 951457 282339 261057 662969 642049 188326 949579 681794 844865 836683 395557 469516 740790 772724 610167 957545 468319
943972 319531 866852 816540 321044 732573 372549 993550 529609 586324 486142 427602 956895 163526 852780 116443 954113 810824 981757 674736 387545 197936 270050 853185 293884 241449 541259 271569 930925 586082 170289 119644
485858 641302 822527 314851 271142 994551 461376 269903 990685 855296 368264 555854 900429 595664 760434 412563 898950 453037 666916 321484 993492 891977 496039 879376 930960 692934 489953 151936 497172 402341 291144 742071
144028 529534 327610 721379 322272 219268 879364 820345 282061 247421 845233 223356 179556 712556 393972 866385 136893 430500 295364 114484 429081 515766 236545 461744 594330 259097 819156 869230 347572 338723 734837 530597
218643 597353 219665 758033 169001 686839 762809 162163 673255 704772 359062 301845 709839 997571 416093 288054 305831 640982 879820 701516 935212 672591 821812 713192 960744 671118 847143 510462 831553 551262 330414 908600
946945 492048 917604 530493 225613 478053 302042 519266 810822 833966 949606 395875 228040 214058 130643 967665 485553 953213 715190 337077 110061 989066 901990 107825 370914 295322 958002 915441 673763 390865 613159 915721
122969 834003 867716 685953 792632 262575 305452 388869 269878 948150 687922 774059 379569 765073 578091 241977 619273 309647 676086 406094 886482 696934 421770 583362 309736 170108 118026 834072 747924 267120 579333 925672
596685 833479 108844 697533 384057 740764 886748 726145 568671 322774 823181 886903 791405 438529 457512 890479 301634 584478 969496 269048 231803 919457 388744 666925 972730 923231 413119 915186 887114 204515 516620 756560
282568 151538 888077 981645 199613 241765 384514 453553 927117 225870 991681 850102 690827 109938 546854 477714 320204 779728 335310 568351 898721 726891 473426 754894 982280 799529 259314 966108 103795 632419 845472 584703