779257 750101 887868 967886 475864 383984 125803 543205 822417 507475 116024 840626 821131 685872 834481 555386
746644 967674 160069 481695 329875 204269 945713 772020 579570 888715 901916 402573 365508 717337 870162 244629
828450 619758 452726 777749 609878 131809 185167 208018 624936 467210 254219 726636 279356 528682 983337 183680
333882 697060 904533 475627 796342 993603 633338 875036 974300 121195 938014 112832 800788 249312 598353 593609
631348 831819 741853 878390 962506 256357 400626 349478 540730 365886 420787 277888 136770 120956 588145 193968
868808 509826 633302 315964 512876 105541 495517 381449 282999 423428 853589 160224 619331 829716 419097 958413
510283 576171 920648 621607 140223 923086 775382 597025 804227 650667 321797 393384 857525 337757 282882 761091
786086 258294 127090 729875 681695 563565 510567 518022 918645 249232 956803 258607 254143 255694 298261 488674
292198 141318 906158 693811 172677 419841 758199 186044 144008 133110 761195 612231 866023 837494 637962 313220
509282 659715 593148 194666 558851 629769 844368 814689 485848 472038 625268 945430 378049 880158 662621 957910
247807 462065 185184 360428 335074 378840 498987 268149 399467 121853 581438 798829 907898 421170 699233 629589
718132 707953 571792 321663 397396 594843 337477 805847 110391 279546 718596 904952 505902 232940 881275 837742
204188 852643 811175 263393 473452 786657 763430 108070 214265 398720 992658 775990 557755 804186 437713 270076
761720 656910 455599 892377 997544 806391 198305 967561 315626 457618 574117 512999 273438 713949 771826 490631
401846 614893 258831 179850 178395 962631 346539 255348 577103 215148 614987 828853 677138 692052 235702 724808
861719 951806 198918 177655 560772 674893 838412 271434 718429 211541 498288 829606 657515 562054 231062 611529