312345 707196 160787 791390 991439 861217 769586 958846 863729 265688 539551 768858 104235 379895 285346 239333 537888 151361 846128 692257 656295 971758 597535 289675 365229 530251 188838 289945 768950 404879 950857 563082 610536 910202 695532 940631 261449 102428 276340 749842 604105 901800 276855 976272 373650 613133 872883 553941 135234 603468 650892 123315 797562 310325 294861 909280 425724 725001 588228 925980 904058 448941 904930 658975
329066 263154 538920 688494 975722 553334 262946 779072 287820 833844 951638 482266 154618 622200 555965 261661 905923 137330 660247 576850 291836 895954 423730 637108 481932 941934 236459 889627 735917 437317 263458 481381 409349 778964 123026 198590 960129 472681 728394 397318 306924 842163 422719 562712 827333 838377 266805 999142 218916 927725 853594 379441 456791 777897 462056 419698 159528 274866 547452 430820 449271 559398 222531 564916
691326 675627 600225 270596 672998 257396 689655 584181 876719 427714 512210 669319 251874 411681 268169 137845 462225 577011 787802 530326 510705 194711 874673 526073 210844 144399 486340 977559 630278 729399 660949 763472 882413 388014 371482 884850 728720 158311 362949 608575 136563 995090 947015 269642 457289 387537 264363 992662 249162 593515 997517 936156 194996 217397 227127 402581 212280 737252 446576 906127 248098 352031 765129 810190
420787 526996 574491 245883 961040 877645 529986 149211 669222 116415 875487 244035 257915 258606 574264 882536 144600 667331 275465 203918 100121 599266 363362 684100 527774 479537 421784 717909 342331 985090 267889 476055 934224 800355 177136 148071 499824 505082 288005 644708 502998 581914 921021 766038 266181 885825 800920 162395 528138 911603 597458 781549 198904 843482 540974 380844 858371 323291 104712 291112 894871 981927 861381 944376
472838 786552 839098 843015 133915 394597 704616 151435 396406 571445 214978 394150 564981 906441 487198 599263 444435 544803 109568 758830 273245 547425 334112 874168 926690 580675 890119 733870 426306 527603 308998 390961 509875 482981 768514 603551 601003 751713 341180 989571 101588 772827 590364 818872 227060 286391 212422 494844 554890 473946 363762 328631 996126 419508 816759 887287 132210 692039 996321 845201 698077 162861 781719 957507
420263 804828 297370 587721 300263 586962 733655 678454 867237 877999 640320 630490 336399 525564 663309 849393 475327 216829 655789 555842 928365 906066 800913 631206 382964 224880 811782 314009 583415 734261 236936 826492 162603 437026 988836 519029 389726 685166 556130 910760 657995 196606 426510 541910 463858 423663 841783 303469 425467 645019 477326 228307 861393 927882 283121 922930 854456 505281 615971 998299 466823 351796 985235 139060
344310 777629 484277 169480 146864 265493 294932 385274 869578 556245 437453 155677 983301 719747 401247 736757 889643 279758 105766 478300 543045 494225 817063 266762 578024 969025 360275 994100 746644 907049 700025 307888 523776 840335 603270 415239 751151 718241 476440 339798 690870 110450 836673 452187 791696 109846 660360 300428 978266 286454 389006 172841 544529 113823 323685 106589 451586 111973 979531 509638 227738 875788 496038 437135
673428 327842 283545 778792 875637 781107 712557 814910 420299 749404 271788 981272 444007 881906 291788 419336 752199 999587 369613 894802 119467 762784 137869 121879 794475 578902 945763 735242 932365 728501 568084 838982 706897 870826 327618 281330 847360 561461 238247 525778 106243 348901 457376 176333 206365 190133 375998 562111 907182 898364 829615 660451 661324 303819 275409 353366 933847 614399 180620 277632 417437 581321 137985 135742
894175 818655 312972 468611 125117 948295 661520 696220 881024 223622 848940 751522 244519 967475 277771 865425 275691 801248 361406 239229 843856 470417 106444 734896 164805 106656 224824 807537 878451 730202 977205 749277 403008 369595 986674 247255 215447 755605 155588 194614 312864 615775 919443 153694 696527 393406 854250 970057 220543 612442 759587 439519 320123 969215 613524 330418 427679 869842 179924 549295 851069 877200 575866 513136
795331 732953 431431 851654 279548 191606 702967 615208 573881 561529 712415 381488 962715 917362 481626 976835 141236 503365 376203 674307 201443 936147 194399 569733 797638 592961 165228 739062 907707 167624 852721 138596 814978 679230 322699 867995 377764 121715 815659 154054 372127 560475 290720 286658 214611 344256 842904 470005 980615 269808 244870 842651 792257 935591 690343 819935 713328 371727 904344 292739 749520 140223 484712 318000
461236 258929 277037 759379 880269 321445 625746 434775 582758 455483 536762 915422 693949 138383 767869 528284 652534 738147 261557 698992 671937 786092 364053 804480 365595 865391 213863 205012 920238 485630 384015 593438 621732 373643 851819 423960 740856 393308 399275 817268 855342 459291 468905 834737 165522 174686 978036 878908 761683 478865 531402 858072 330092 366144 897917 260825 757564 467147 756905 586504 385678 977843 338374 860416
193838 892772 148026 435867 647152 861244 797120 555563 720107 650812 612869 136547 699202 682266 338212 556699 229417 275755 115713 218070 221360 826496 838558 361610 386783 578082 894561 999462 162402 673446 250756 640978 500699 120075 604261 856620 491108 295871 937671 718078 451645 445257 627997 476516 394334 430918 384966 925651 295125 910787 885986 694886 900835 481929 631874 590282 870168 112169 446616 647486 342137 138357 844497 550954
769938 875665 389425 713059 305736 870385 328931 984033 595783 407083 504987 153917 585813 634068 103182 650081 302441 852388 776538 141042 514902 745874 721546 832611 724927 654979 904570 194692 262795 564186 870723 213229 250883 684122 654724 831520 142505 961124 787400 294498 187125 290049 871135 744721 259986 598529 295406 868366 152548 792002 899447 957611 709967 268356 284520 375415 872189 567298 745338 149309 187159 733380 543067 633421
469967 647976 726454 509945 965569 632748 326714 547508 247574 253946 815268 651340 742925 941272 931356 433650 207714 728106 147329 694285 375877 589602 539208 175339 908668 504910 189570 161028 195320 646502 497625 213928 755047 112755 213797 424753 434280 422052 940306 733346 553888 117687 428166 673579 161614 464921 195778 278434 440853 513971 722668 646887 116654 338957 837270 122483 162774 325641 819219 215625 939294 302265 885421 404784
432003 200193 331599 986400 593212 783202 670271 775175 361689 500704 649043 307649 554930 808176 273215 836361 158434 347683 525669 370234 889332 735698 253760 372528 879440 241702 985009 973069 106329 522599 765808 858724 189261 321675 456198 738208 289571 141089 187044 551388 439807 924760 863654 639561 690967 795996 775021 899267 115426 497895 483390 906258 554981 336118 693057 616170 344616 982977 730861 817411 576561 882253 624103 739022
650876 948105 446108 935968 313932 863062 348238 188547 764877 383220 686086 278302 126877 173076 168738 554645 426099 148539 832134 419063 714985 704831 349401 134543 290587 314351 229782 556658 408906 848308 757997 202890 614971 174585 765709 854007 757484 850697 964415 205486 219835 711440 341291 412260 196228 491798 973956 278264 603769 154084 470767 534594 290188 995632 701351 961222 277725 178088 795960 157945 678529 239136 908292 788076
267060 529088 253232 572764 587964 549944 233912 610583 593057 508054 919444 918813 254799 185961 673606 690502 260051 669007 766861 619045 652081 420716 577227 134135 119009 127354 900004 684417 202302 725156 580550 837230 323621 795033 926343 350109 917961 117646 427039 101526 609853 764763 927903 770841 798360 116199 912663 702176 518824 841732 442975 962229 216198 396222 657964 299766 357888 840777 121964 494015 808671 274152 290514 709150
242882 715683 224710 656971 461969 795019 612504 781626 276120 639693 307443 601742 937309 463022 516085 153360 751532 766273 669282 894208 801512 235291 213957 460293 233066 967459 178546 125494 777900 480942 495070 584035 392015 892283 427783 112126 204196 479782 934239 955062 129068 493907 589674 342195 592968 878678 141773 333268 106420 334253 507789 601800 164686 356167 482596 774491 432570 174758 395960 191041 758938 834208 561704 974136
656484 681721 788730 769617 666842 494940 145027 337669 243133 477859 507593 334274 280074 158684 879735 149030 103969 846613 958078 193233 247567 651342 706706 704107 861176 182796 615965 914929 703045 274189 310839 854070 840552 866860 733596 357185 800698 566956 389415 846618 528310 138459 753671 396640 396707 800448 531642 436600 845170 514329 435504 508905 929663 949471 552983 113950 274377 556672 282489 253434 490380 343107 364231 223726
532995 691012 434165 692674 680047 350963 974029 655875 411777 419349 765514 104691 866714 947923 615062 226859 971759 667198 771111 624322 152303 443249 672061 517003 302568 948111 168838 276703 511871 311041 188994 950418 845576 436971 273743 118465 181739 932766 524254 921424 900069 139944 653278 522303 697270 418927 614378 798223 531815 314144 212396 224580 869047 667757 851825 200667 224159 925331 747593 952242 238791 302665 348253 493674
548983 457448 836880 268633 786368 300680 805578 190268 337110 792050 248545 830348 642442 681958 267955 184348 453804 718431 356127 704692 539029 450692 553060 755698 885261 493095 463105 509824 973108 202288 807341 816290 840761 857655 668138 984146 344659 888923 376670 624336 450602 766599 399659 233630 927389 805996 849327 740962 931601 124283 852399 249712 578409 977249 506817 514510 381148 584135 750178 413417 424420 473091 892127 474748
174178 208166 947037 129756 806915 502715 808064 566510 325352 299344 407634 915952 233401 463479 468933 542483 279230 114159 827477 341008 870695 358346 379340 270399 296005 350673 880282 218287 104753 179275 303327 701139 380089 575321 958034 129401 385964 933837 591187 254200 204490 358517 817513 554354 467959 455671 265578 599797 193322 651402 291705 212158 134907 317409 818001 808267 468044 945171 732785 374887 683470 582819 252733 940226
667963 218558 389036 269791 985309 520536 470497 495984 334342 727067 538951 950660 691848 992069 161774 684374 569442 738271 168545 928750 331043 975029 733757 762305 262029 562286 332192 309773 323626 191477 319976 971500 458243 610598 204548 843177 520432 239094 541646 484806 766601 295036 367354 977497 254557 513258 747395 542470 423753 664816 883556 818714 495051 301819 298521 293640 528322 133035 464059 661710 523402 572399 894823 198560
124246 441744 598757 138618 338162 837781 440960 526754 805196 666995 485323 822421 424613 147776 911932 151506 191294 170375 570079 469904 798472 670417 448186 212649 843692 322487 912534 125906 955311 655314 475450 671308 377287 204435 226315 892455 359503 564407 818051 840171 997698 921651 707129 676093 795695 501498 622064 602309 421707 476849 678807 377608 343735 501571 927141 801818 752275 134744 229975 920748 633585 308918 112520 663439
244837 398287 573981 420946 985576 841295 479906 194060 837327 605903 813883 754734 975444 302310 331149 752405 264599 756762 421887 364797 454700 516284 430076 836080 197605 940064 707453 119605 138710 209634 945838 552580 825557 128038 187846 957104 485680 415609 167138 566794 877702 490906 557241 160467 706576 285968 486221 851643 484011 370973 484750 475845 175455 297196 515913 583555 189962 160993 287816 509018 631399 525678 393850 817753
402000 150049 175097 525531 757230 209093 274231 151282 748577 188276 630143 728319 623827 333378 541029 282159 724125 219991 105025 683763 339590 216281 369803 574362 941259 889213 865452 495585 862278 310383 646807 173264 355124 482596 405257 460110 205788 420317 772785 258652 782614 342423 103159 587600 671367 157589 311207 414082 957094 735953 805507 758320 244854 449816 252387 375442 351409 313304 277770 903079 846954 647607 714853 396564
626108 258722 211990 416382 982824 137027 241289 223644 392305 125254 725686 579884 910889 212795 864876 823094 436584 851676 691480 131016 666263 106198 693502 960794 119832 257707 524636 614158 312951 599310 234775 758228 974676 510366 899312 168415 382801 520116 150098 650698 201573 801594 396591 475595 314114 220090 222186 732650 806330 128428 832893 103431 662398 158856 598020 456813 540288 126488 912334 602303 741243 283565 527835 816224
759134 675980 519476 477415 138419 235344 635173 454949 719789 364029 340214 320023 186062 633906 158985 966709 620359 145996 495323 694695 137483 390124 761638 965608 748083 454937 828491 151292 455732 943645 898209 780586 370031 451112 601168 891872 340972 975714 888701 747113 190713 530050 668356 579483 383130 644685 986057 848652 732898 891921 749766 783044 157394 441597 986388 902955 355602 824206 531176 290939 753338 842463 364818 859790
981266 181291 484370 444229 674570 830169 958093 881754 961450 485219 278183 196539 931167 598823 303128 846388 250797 945941 524281 291387 882617 245679 648978 178429 351736 347398 586942 869821 344304 695640 874835 669230 111708 727962 108488 388887 230698 799791 636959 549876 743781 861476 418910 488678 710704 389427 652840 872399 253999 579291 970806 540909 966425 222916 289241 137490 879505 362172 256827 521481 961842 278919 733675 815389
133073 453716 729150 542217 879770 851975 494946 322891 696576 486898 796739 135322 991940 456078 523430 727230 519665 754256 564929 452562 402186 847462 939794 540741 485006 757036 858022 320170 147512 127968 627376 386488 858694 666806 383646 707171 472095 711690 134192 228109 549108 173267 677935 477441 992030 798696 970205 956795 675726 450609 524193 722030 798119 262148 150554 610263 847747 583746 956486 129342 297211 293715 167223 980225
350798 705862 919172 829519 712914 875200 360775 467760 418011 341794 164896 991972 589325 404785 472466 926177 723813 499200 283474 818483 992877 272366 974339 897734 546511 299448 715809 131853 923426 190331 481173 207207 313771 301248 325301 599187 172609 244639 653104 896075 203249 193485 164184 318613 780103 689768 784874 409720 934244 933814 165242 116658 820402 390980 997263 477568 851846 391913 644983 651015 589103 341106 975228 298521
242940 527633 757911 865683 727870 488378 964817 916322 527349 985900 929647 758957 714492 245833 586860 459318 838414 198666 578482 930404 131442 634928 977411 622663 697035 690748 367804 535217 480017 333632 255484 450655 237793 227159 694443 637648 909076 862164 682477 624159 726344 336434 218864 825586 373316 572026 597866 127314 615826 832958 867746 316299 261095 655305 370172 959189 466851 117766 631229 124284 516451 818878 305867 903863
351711 512059 962660 759475 169033 559458 228062 708324 142873 420488 958226 188803 479886 473352 990875 624819 288664 883226 839080 495384 886849 710531 207329 257345 847708 781570 892900 915691 660031 288638 731836 788368 131300 985884 603001 240213 189556 547650 477198 686660 363937 473658 981163 777936 183665 259786 922051 616905 610155 857800 396967 219401 435978 423911 510022 667842 534459 452050 127206 900061 763057 193293 982938 972926
618482 442115 791958 611438 116502 865245 705680 997142 928406 453216 473655 821848 948653 590995 136195 704875 462576 547445 412562 756358 821525 803812 691627 346423 479972 166789 226191 352555 566823 680063 416568 202961 663255 614399 457222 742878 157122 189023 848971 287161 508890 740203 961678 707733 332531 182484 842936 545846 135809 748930 397742 605724 976623 777173 659136 142022 571832 302746 998169 786022 884677 222121 355091 506735
740002 697698 635946 834296 151121 316193 515309 862756 623489 559718 392137 193260 694338 983509 603780 391026 240254 603519 614702 558356 806382 506041 524565 649998 859681 325489 986962 956824 675999 588140 677540 770288 292215 804078 880327 671878 249139 538426 927975 897700 386578 322505 537521 532762 166114 833815 721319 720639 805805 176647 590524 486269 270237 543118 920669 425219 908481 261552 518283 122649 905923 410536 850347 842120
396325 279954 494314 828087 230112 107162 796536 172380 551799 227384 148697 470341 323333 648248 752581 228828 127544 694244 150964 135834 739183 145927 939321 825031 886880 997293 474468 130780 328890 528113 380587 978493 837753 917682 366309 557811 185870 648711 423963 966780 784678 673502 525868 971224 431322 340525 284934 476376 566552 278622 265312 833195 677440 265013 878789 346731 764919 459996 648512 411250 694055 301303 663021 962952
914186 907343 213799 912097 150357 284048 368382 211267 237332 645432 374250 423779 205739 401824 189932 853728 290635 129668 565801 695680 364572 291761 843980 404471 238717 772303 155135 872798 224167 630365 550836 956559 891190 500273 253810 435321 857696 503958 186938 582639 989475 559492 937538 525473 735186 358615 143456 784835 661727 588708 168371 449133 432315 663086 651833 545885 434213 898824 281404 559700 633778 423796 628887 832255
850307 510388 464666 173207 386392 712888 995203 963773 158025 982340 361685 507835 381710 234238 743938 742647 588502 250809 105469 210550 689314 366730 936359 608023 987032 469598 603713 704811 382046 514840 858265 850354 180377 520260 400474 306520 626561 576391 708373 915484 900989 438333 559769 414279 931028 815396 189156 685644 565896 405598 406744 366211 501746 913825 492678 291034 251893 171438 238455 602395 391502 483423 954874 910590
980302 141426 993303 634996 105661 885002 283122 772522 981189 800474 173012 652886 420578 650616 302145 959246 943235 232632 196781 831042 146421 472286 661518 197766 240584 761033 390591 608135 111877 719603 992260 658639 767262 141287 738385 951635 557443 783932 590297 115020 527152 931163 837103 131699 539504 228904 593644 542100 200268 653728 808221 420646 559955 416668 686158 324084 406759 915685 712173 194488 456884 473525 176851 141830
636395 826963 195658 752199 855172 644107 807163 405962 552906 546516 343476 888479 907630 538487 731619 743942 140925 690922 284295 480124 808702 601214 739896 387789 735835 913465 615261 541482 666280 627738 656349 556104 543187 790967 723311 678585 169904 937987 360709 631503 709012 748572 310491 711039 162123 898433 727246 268703 710116 858245 117963 624999 287225 396731 930169 296848 845832 885606 296096 923417 239903 394669 493423 248124
970833 144736 903302 602667 988492 861844 777317 809743 826676 371209 623991 415433 577328 847264 344671 515758 840153 835730 781523 879908 116223 476441 352822 399826 528776 894207 694304 899026 724789 260732 838357 764303 545149 285349 355371 472546 343822 903414 695989 735238 189439 188214 702264 139772 864533 715546 960862 613858 810184 316427 418568 315271 834985 781939 549664 301561 969064 194621 784068 639082 789804 822976 641362 218433
430643 727744 117529 677007 840362 289216 510451 381316 123906 424556 470776 369365 352602 338489 395355 754952 959281 244917 837331 541220 571776 109235 622884 817095 927844 579592 645865 761655 663578 139223 154952 994065 875952 166360 412497 455886 629054 876218 840734 720215 698553 988593 694773 881470 761825 861769 143486 565145 425456 658081 195312 789092 359872 881896 781728 759518 898081 186235 271745 353974 833175 825353 318713 695494
761443 670111 668386 967154 313565 131522 783717 182686 803894 215859 408398 265279 108098 141839 761310 631285 183671 182423 993148 733493 542978 191883 174021 358717 731376 269636 718405 896831 558830 360457 513725 126973 759158 151602 235988 459322 850827 574086 967547 138063 623731 992735 288333 744663 101325 417044 315734 921843 944385 346245 782053 672608 527040 417129 504946 851807 392821 132123 623642 352959 542093 906771 645741 406210
990949 693449 314811 650829 263186 882282 345683 441759 653951 590884 365294 946587 274496 429500 509453 228855 240068 563425 846103 444432 618978 128749 348871 243980 862366 694693 857394 661855 625336 685088 177250 315045 538301 881839 578328 286834 837504 510733 504062 254209 674676 120887 249870 268866 522238 382391 646820 278353 286008 949392 612985 245899 264162 453517 332927 101222 908720 488864 629732 545103 441622 851412 182923 313386
205010 198718 328645 776872 636210 330469 443295 779802 972002 401323 538425 506422 656774 152028 694286 446974 253258 281765 254233 482304 994904 602085 442774 418648 861172 167210 504174 840746 569059 339928 416886 847017 191275 442598 336761 840266 561445 596202 959455 108528 453448 350239 463274 863468 493671 538337 713966 613575 450213 430697 416157 839678 729102 246802 619049 432868 491408 212546 966935 202813 553225 103305 856371 118756
160908 272372 558200 999067 779352 528100 340484 201838 896604 349181 514591 222596 835022 944904 400130 896322 898798 308922 745681 953407 911076 166922 567337 166176 939845 863097 368023 328364 688557 708584 651322 323122 201507 540435 920289 840305 929972 888230 178526 930222 119518 502531 825044 220916 776288 765387 569361 291867 228991 506138 393827 139475 711728 422648 576416 289663 761761 244052 681206 825426 454279 989905 286515 852164
662609 913412 517137 208338 470459 478938 849994 829375 642148 880293 309991 204575 106914 596587 458728 961763 673714 117236 659661 112991 456002 600099 722926 938944 340321 718987 556100 766779 949037 867690 800945 369755 354543 580284 907774 101997 589059 724138 473036 970751 552478 412017 895595 661945 645071 972777 518883 961488 827806 411871 674669 142616 927200 766473 737166 515386 968797 457662 778946 184730 827912 478119 361176 756809
374352 845347 580812 598511 962027 237038 676801 621196 543961 240489 340114 127433 303351 866737 329408 841640 985975 467180 287774 828251 527364 730857 984176 542448 372253 970138 214967 518904 922660 532506 935075 676383 176187 701255 727525 501110 126901 255504 462891 893344 130655 541933 841286 318245 717790 877390 698444 960046 461635 800447 649919 465074 326296 860953 504812 487851 785809 177958 800033 177234 298966 938865 929343 257365
307827 446799 469167 584333 906054 183771 243736 730372 169247 742977 611733 249464 853267 127414 479575 158732 627847 551234 847392 651695 844819 378536 952049 562911 385520 675066 518243 598646 865871 390724 433133 746539 159072 326303 969894 192470 936704 669197 960812 268793 777764 766030 473377 518043 246538 544215 679640 924666 454295 294777 641633 343813 605551 895180 537414 645342 658183 561705 603884 165778 485414 557031 546577 839461
738171 123346 765947 832086 624165 631993 751352 197776 857190 380122 258676 194513 978277 846430 545326 421099 648245 104800 438164 863740 282702 720837 435523 310419 736382 139873 479166 311327 248790 259852 375201 200235 862169 329612 626461 672795 482522 251142 612457 685652 816226 529422 877001 961566 746416 634386 324244 357719 896405 641013 297972 188144 780884 390875 122999 828239 891642 255617 939180 284190 285909 651615 958276 833827
228143 983006 565064 388750 250160 245837 764616 993897 511726 296076 310272 680429 991791 906452 783435 763355 615256 585719 357749 492917 592166 565010 767003 441750 497451 228802 236676 694229 744602 256376 114621 199095 993466 946903 631833 617405 385160 170915 100475 135409 155377 286305 563075 231353 889795 167584 994558 226232 513746 535318 673497 532811 695312 833572 118407 856133 580907 397363 473523 156812 366286 472565 733383 569984
365462 336419 978491 590660 746881 894075 895210 813326 516382 691341 421408 635640 822557 302370 522467 159385 562583 769603 545489 429576 564602 143458 913335 838236 598864 888964 605602 116125 209372 919947 135977 821378 236546 827308 241682 696243 494754 151517 258915 657129 797683 364696 962803 894250 448192 937131 253054 560501 320465 814122 824777 498707 256292 478954 382463 494247 869099 120300 775400 618272 322872 807092 914288 986070
545170 663127 285422 609476 353344 940386 179488 503030 621239 426116 518104 908147 537033 635587 246664 820063 387580 288192 384955 316665 204985 973646 927786 832144 253413 516434 768815 257049 642650 198214 396684 284360 596577 221821 434703 431106 402715 730360 937062 925888 901531 618328 459272 953685 166971 879769 425746 353532 939584 989796 720604 769105 984754 910378 633752 405328 746631 855737 905673 131523 330099 957657 834532 356546
578639 441528 602138 270332 448032 167619 652557 478448 115561 986314 113870 263218 282652 653454 344007 566104 833443 784717 320666 552966 118884 911256 295926 501163 520128 373699 332222 492955 213079 414585 662267 628534 627632 272372 383878 906319 237564 174218 431937 273248 865500 968668 795609 106461 649886 525728 519989 398938 959968 692685 227540 402047 612345 976582 688323 795415 480083 709867 887608 896906 703443 615647 849547 846836
487993 473200 852196 679790 421787 313837 902472 892661 264964 754101 970989 328431 939885 735180 776051 305062 623944 641336 182725 403077 145944 556230 775724 556626 255750 538069 950415 482912 401694 988698 867942 649464 543389 557804 697722 859637 165906 401971 657717 861500 693011 228955 465252 879559 255020 717279 766087 771327 810544 801645 137976 230254 531217 794652 158051 193877 156551 940452 235709 821990 393372 670007 765647 454494
542845 905973 570002 715876 899177 486236 140501 384775 377511 841879 102518 355568 623930 171912 485524 162069 508715 469155 378066 842931 622263 726926 580217 748145 265941 901755 695240 527492 627144 893147 608548 665870 981625 334770 416368 717082 645723 860807 792880 414133 695455 679324 584953 197609 257901 690023 314325 528040 919620 947375 478056 328967 909937 836034 601195 547910 974533 617899 629777 205497 800871 973284 625557 570579
206556 390404 760791 554731 706837 235470 362725 499529 770277 443949 538156 377012 275815 966692 171689 655726 911573 322009 268977 184493 159387 451272 570215 704898 897406 824083 541157 590141 903611 436872 966075 115141 704324 773180 314961 690859 960481 194939 717912 494585 264092 703217 837312 166590 824867 826792 639033 550350 742913 310076 108500 115218 296817 305807 724195 877022 485025 521694 746992 362294 590082 937686 983426 711326
634717 954635 412532 447123 877635 311255 691664 643180 123889 430679 584051 480753 170023 561972 353272 909979 575349 501035 750807 230365 159556 190435 905816 634537 758256 910232 812755 598712 898367 590898 559773 952672 836671 996425 878816 189130 103394 474914 479452 669374 903111 580543 413371 418512 268432 692325 950010 659418 633556 635604 320721 456884 592981 859027 647621 254231 508932 581144 628286 741277 920062 516683 687076 171582
134841 367205 197424 107191 644437 375284 316650 814214 270140 833170 864328 535841 624668 665331 786367 990557 995232 366586 990983 167998 582392 257314 852981 114726 293819 708213 219962 754116 760925 900217 763231 709712 201793 418564 459446 888284 611471 484784 183951 210219 791024 603324 171991 940659 211038 414186 219515 383859 110220 531160 620469 101534 873133 742067 359207 321619 859217 234148 957137 515237 235041 229690 947737 491450
222278 858325 491892 760925 792065 774640 309874 579470 377852 694419 649083 359970 216450 809661 435142 406026 942995 326845 185651 391731 408705 767353 216961 638882 140876 868857 414530 191796 673256 417306 507727 549979 986600 658944 601833 311605 793770 916717 164362 888820 587394 568677 616749 366575 822228 619250 540742 964769 520922 294680 598120 829841 918853 257346 188698 487622 768030 785424 932623 969535 856262 495518 291294 339068
186328 918384 748088 212419 923812 436603 893224 481957 942524 812922 387239 105855 480412 429148 464264 709412 609114 162947 851275 253056 553775 713744 720947 625740 130736 197242 250753 546429 642857 948771 747268 603631 782814 812944 620242 353549 285234 208341 663400 958920 351766 940005 653391 126824 688571 942748 652582 915306 573110 586817 772252 192436 977638 987772 841282 561219 803341 114524 641951 718339 626174 133851 522634 116453
626140 387754 113448 199884 956736 915161 908724 949183 875108 702737 837882 855275 362064 618779 991523 574631 397780 882708 928444 912045 364028 961982 637911 764469 598700 547356 314551 805798 499620 244750 981045 169818 231767 111407 913644 326753 694405 234447 824082 997720 644085 902909 342184 668252 673804 296356 388280 400245 111113 382032 376738 519634 403632 211105 757584 231227 582248 193618 386820 737784 975096 476572 723320 308123
751967 114237 349610 671784 230300 497473 984533 807771 885220 539665 482391 430293 718349 498404 450278 455298 158427 386799 545117 495135 704684 646865 992514 927692 288655 388005 670312 857699 520355 335073 789865 930695 554001 247110 443653 296655 164423 829736 237809 853320 237206 563700 554045 538251 586637 341532 471923 719552 225588 920826 460619 186678 422490 134487 702358 503653 731682 187858 192192 612472 578121 542911 261688 216648
718269 917349 888489 742876 815884 409889 410036 263585 758898 214056 170462 962766 995903 461289 517887 943043 804928 636201 555790 419899 607552 497935 123347 711523 989634 956132 524324 309506 777110 339491 200042 565931 711180 354902 389244 549793 508277 156011 203633 396259 705413 564909 632403 279049 217584 950865 470734 871122 160112 544887 146929 482598 569309 500570 522518 984452 831267 533007 694879 431827 510516 763169 120683 601424