910106 866396 296899 293169 443711 870528 180245 275697 413680 117565 423091 178675 232961 397332 950215 609976 422239 630286 310037 437041 873191 759336 789793 159007 355809 414196 688804 767472 533629 546377 599375 763448 680877 153614 763806 555689 558286 180047 486657 556257 357677 248676 272017 381178 720513 999297 722553 821651 936061 297658 333013 504390 835987 225955 350906 378830 310428 412736 938148 206672 850999 907258 757270 901099
284518 961575 625767 417512 143262 855749 644647 705219 447212 133245 958572 925836 611738 392605 708823 331991 273079 814862 677746 484231 337353 472216 271159 276556 387170 690480 146548 640943 620161 724781 428197 277414 794618 346383 256637 504122 854928 130501 352725 131552 692579 241414 221323 978356 648286 736904 632904 993336 842260 946709 693827 941048 975039 944903 742916 685334 330289 502029 470932 449761 435569 870569 321127 683488
229686 665163 587575 160964 633840 170294 821099 332027 365418 728015 411509 204825 828936 961604 529086 882706 829078 547537 408749 795431 437075 681490 678582 901036 753816 803002 296341 808793 249079 169016 895601 232333 669217 282858 627662 449254 590430 731567 304773 435421 898325 728739 900053 264006 359235 981693 501296 693897 655926 913826 415657 114822 608816 100466 285294 209997 956925 213257 922298 356219 392050 844182 385605 555589
985103 221659 583903 849659 752370 605311 933890 966565 938993 297620 895714 948028 228382 236995 594488 418945 318217 409991 780195 166867 536385 198568 397262 333476 767438 276883 451799 326766 310375 944616 112973 291158 220425 816388 415518 788031 828139 239069 301841 357578 547252 166815 578970 874472 321501 906203 438253 689201 271058 201732 470780 302061 663780 142434 165398 329188 946859 458948 639678 563532 407141 805658 462488 344680
754196 263724 912600 350750 597212 118691 257615 411432 291919 670240 929171 898118 560875 462857 356020 360272 152874 464480 110541 685816 375863 607379 156381 143723 634195 141911 830671 342125 857920 593121 759836 744373 640945 365313 116568 212087 814291 165030 928787 102108 963052 910268 810964 373739 923105 538533 195185 335526 249539 610488 406979 237922 980490 789605 978843 610833 168741 760775 429091 268890 197306 689558 387662 828597
184449 722790 198592 483648 867988 435795 541253 376587 140400 342353 258987 545542 113019 503644 767962 978929 316531 311936 762648 804489 511388 713161 422720 730449 400326 812888 129616 711890 696981 404625 499590 358335 354326 892650 519493 163639 874668 529004 878654 609313 896144 985866 643111 603986 909422 668187 482636 851054 251795 307038 919565 729102 134516 234880 234337 727941 431890 793339 737774 499790 175927 468595 629051 320338
505306 919876 648891 865512 968223 183602 451477 202913 364024 709537 595171 825605 425018 525408 271812 629003 229993 730960 840410 484328 933134 493893 257429 516533 723631 739235 862346 407159 903565 925930 391476 690287 206593 518893 568972 684061 133643 124946 907187 669092 573215 500640 368795 377967 296580 862826 991279 945630 544128 180708 161552 769554 366148 238261 618326 953212 179126 118926 993001 803004 357413 894758 939680 953804
402582 572647 101589 870598 213308 703059 538831 427416 180430 761824 396730 463526 247561 191214 174300 405928 733026 659784 408298 705524 640552 738182 607069 803228 768062 393104 137703 913450 808269 390125 536719 411966 745363 577059 841220 849262 105467 632814 876534 125061 308775 893832 296741 237981 134262 761967 682975 596129 757890 986312 842857 851832 443399 874269 639127 111340 899285 800055 713821 333223 724880 164325 463246 389385
224213 623151 710348 983465 451953 273233 382852 866845 392780 138822 905579 384707 427370 503828 480002 192476 180017 473915 753784 923538 259562 119791 920571 932293 526718 296349 253225 724430 767396 490912 953479 637073 820501 576521 773962 197957 438683 640561 751867 866696 632326 901607 341878 641612 621792 252777 881527 939187 472570 930652 661340 725013 978446 577772 261841 400183 661736 233105 893841 990356 249440 299944 345815 429287
174015 189118 166286 515279 106001 885678 735005 122752 307941 218267 573389 401200 674507 320615 646346 748887 810916 604529 152178 942280 382137 661435 555098 651733 285477 780493 775219 496926 757704 765293 712061 788606 593403 728688 210130 685323 194655 821559 943771 288269 699701 199975 975183 971383 529892 353340 893235 660131 772271 893365 646303 560343 737570 253755 782407 113289 653928 987082 820234 373450 520576 911090 780191 668068
743755 256315 760149 884238 357039 209084 490336 371747 111531 635970 322633 548735 921260 666717 215924 629848 375281 987618 278763 305508 657227 753894 994379 712382 753724 930690 246971 792659 346072 289334 608788 976972 367170 145358 704980 471573 274569 490823 213409 779903 690216 629858 263978 264987 293768 449256 459805 622121 168259 757944 272019 421132 813767 326955 864765 249820 409391 169515 207407 830508 212434 204049 789880 381579
402106 658538 254849 885020 690596 728296 134419 266823 588663 786107 882040 961610 104520 621106 695109 871724 896840 140736 316523 308694 788024 649537 213710 196618 346671 378373 674925 948485 986414 105510 396209 605471 532766 291334 912358 282131 505532 841121 801602 893092 611971 270564 653610 210298 953881 781898 841895 502136 452327 414366 403906 657039 577455 315852 900414 143756 338331 705284 727671 131021 142548 153257 416529 265772
805507 728065 851801 630570 641532 664893 530278 892482 282651 673790 883985 590097 783673 487084 909643 860133 650002 456582 910848 722358 810945 817898 863024 231812 976367 444408 965335 461059 410413 382041 899667 631737 540120 581141 244770 948442 684621 855357 236330 665905 911402 350624 518299 960540 245571 357214 652140 319773 181310 412598 523161 791760 500913 370290 977781 850655 840613 576989 331420 969188 559122 645636 909139 652084
849178 964523 794099 416546 689367 654475 312443 471553 888923 211342 175614 697468 530697 581629 853766 157687 180979 749592 498638 618391 327237 248899 682369 396785 979114 562692 678931 441988 537132 709126 582498 370726 698420 379550 961293 878395 768075 758807 938026 688457 251726 249728 587742 575313 361542 913714 700504 148116 117419 656830 123551 285204 479623 307090 473459 214509 821814 755414 294476 342507 116896 845651 348707 170463
661572 369925 636112 474110 920374 746170 119102 597282 605699 618810 963309 261634 299096 372806 696247 574649 466702 688815 273947 537424 751288 123364 323249 474810 216756 785470 170310 274008 236160 217144 268996 276947 632076 558766 648954 954955 477350 485759 995144 484699 229422 435732 638616 812717 571372 411038 117154 420801 576523 804270 211921 291148 117759 357935 526002 326650 342841 759884 249657 595827 850516 417964 720002 449969
874729 561453 372818 967223 155622 989991 434849 316342 501670 204119 140965 491956 431127 635587 762462 239663 771609 424826 951173 264227 754973 269293 356037 409222 425463 128284 990646 122129 519593 538158 514681 290848 723921 751637 598385 519366 257548 775596 533431 518693 329643 618703 543711 584548 717459 745697 523895 256597 255004 957452 805555 700633 589025 452341 599243 874622 155365 945473 480020 916026 116088 293152 571459 120114
552707 139362 472503 435843 569447 119430 979546 313661 323095 314692 551997 507313 682527 409734 832075 352594 649099 568105 856166 882285 704167 565932 225990 695124 602574 545454 237718 327996 161773 973919 124421 555812 909266 687262 777329 645881 269683 764775 988939 936823 834390 453927 778041 850006 267968 615222 998449 961953 827610 316893 883987 337353 976750 792540 772296 627243 656318 513407 136610 255777 823723 954547 613822 449589
311314 197735 883084 392980 896847 547439 613043 462580 743477 645865 395399 564818 941644 815999 490900 399565 923394 883101 685359 718337 230317 551439 883868 372771 122027 630116 585703 849883 944364 848585 594187 106818 226673 620079 135022 923456 343569 397215 129574 421431 970976 428611 295457 478073 206513 987224 304325 610830 727585 332355 685923 478767 953891 884240 904119 513721 100917 448747 414457 996787 865292 475630 943858 103310
824884 875479 746460 118236 449973 453702 726199 770439 421619 298652 372082 148191 877774 358754 371267 709164 112729 783211 769466 525701 346329 165245 236236 275620 377621 239283 332163 139901 459860 225388 534954 253708 508928 842461 606329 383420 214591 167847 712824 971493 634556 636035 427790 590851 167209 606103 109191 762699 699953 966923 707163 818597 829132 467673 951890 905239 801246 662302 448552 327846 354085 393062 700366 414831
858957 688591 279941 873297 121417 929856 799676 777534 652483 442688 556260 864915 269011 272763 484167 972109 981162 274715 801709 318966 751376 349929 848576 542631 334598 656385 741654 129881 171297 764847 146145 394824 386492 766043 233784 432260 358506 504769 141175 102741 203819 403139 604070 933227 392330 691289 888403 894319 210656 571895 954950 444180 747004 788830 365356 750232 679136 994347 227718 905333 294555 749637 154223 301120
496616 140001 261670 940460 148050 802069 991777 850108 930655 854885 966823 619752 293287 625207 917712 217302 459333 447664 797741 640553 582762 881209 502077 727017 990922 733681 819857 197812 749139 678954 906373 950546 660632 790813 791588 172226 789893 137718 813874 994155 148175 741966 338885 493973 173234 715088 448717 650081 481555 242269 875843 167897 914290 811707 442587 845349 514131 421080 460591 723011 801828 128148 373845 965394
925225 878145 570086 550724 542304 877830 697674 285480 973080 810875 255909 418769 413655 985326 844344 405978 311012 833239 434284 218982 929919 526641 582991 250561 801540 197813 771011 413238 679217 750922 728791 815387 237286 956110 892721 572170 338074 707898 209046 787426 312642 722971 616459 728291 815113 197277 499199 894533 422290 689585 512697 864174 799822 761827 715820 489672 768268 994373 353690 344772 801835 306117 843499 808803
671693 878418 479728 546306 381118 689363 135690 855478 498407 287038 440595 515880 304211 187229 552929 556140 369898 257224 164576 452699 678602 675409 617762 503539 477324 552475 902208 927162 171619 809218 196366 459467 152541 739335 165160 145423 374521 745732 292856 610294 889792 234563 721816 998228 242639 714609 605276 826774 662052 236115 598323 465763 723060 638418 465781 232346 448465 492902 428954 183319 347803 368881 889114 886271
941732 529670 253666 487649 826774 657659 500619 566218 152170 797054 534765 282893 971362 226986 377344 263901 937677 681032 482603 693538 230775 632362 507160 811279 833077 936934 441291 561063 787294 200348 381483 569769 748910 282520 239930 606865 359893 760977 217883 648745 562425 639164 856804 623903 145940 924887 895223 806259 898050 980626 254203 244050 463713 333418 163076 300543 783540 179338 209994 504364 552662 685358 266244 306518
625320 601361 179451 694345 461721 698128 561755 200343 349445 240380 677427 685196 444186 215735 836407 723208 923943 289134 403669 909768 365934 621767 681397 757379 598779 210429 980778 722879 692394 342659 313603 156846 920624 938171 830229 681899 715827 663849 963460 344859 820843 515939 903457 437535 222554 317055 335522 568167 994673 157811 918135 272792 815732 318171 172823 451285 792805 279449 645188 692339 175867 459756 530770 526141
320404 270996 513947 748034 616311 516559 255877 215724 329914 163394 934977 658652 971372 790690 340165 163634 976500 917928 749544 653874 479093 733354 109447 366086 212260 432032 888177 900503 633607 744997 484167 170768 289741 232129 153494 142839 310342 479998 595487 214440 612323 197549 230871 909681 111712 314064 998476 157128 697304 801957 252145 937887 491264 238563 501613 927023 947245 183923 801873 816231 748170 499535 294652 523889
809667 557343 381786 440087 909522 354688 298218 973405 194450 452377 974247 496096 244086 318920 795624 530815 659880 708824 235923 483170 568176 975453 651586 658133 431681 208766 891694 839166 753583 573028 554454 587158 395114 652277 423951 488699 506058 511830 229626 782663 582974 166853 963735 387264 152012 959712 278772 401720 255906 453968 392662 453875 888764 800610 856375 477414 849308 529853 890583 248495 499115 907190 224231 219869
680845 531627 364452 606601 847246 603249 137527 162275 501722 628259 704288 350200 159519 650392 519794 300131 715675 493237 292641 302898 114012 824121 445235 619316 170713 145149 672551 551251 694176 641671 727886 654992 962585 630063 166723 170418 376379 475239 429729 570535 397700 846094 826736 353523 377510 897832 588345 142305 488281 617475 583626 101736 551654 882802 855031 887438 167569 341611 894668 708573 134587 647404 854917 643480
546113 392415 136206 405077 629863 470743 337292 561625 511811 436038 701280 306736 611641 831287 619322 248613 419764 328501 194819 132367 700690 979752 579011 980840 965678 325792 463202 168220 791324 440306 144010 810331 181388 299131 812671 390431 168540 296954 176271 219927 904138 378182 952985 115338 878360 555509 930787 264311 982647 811144 199821 761826 108466 318955 121069 197494 618640 156115 920854 804479 250861 695991 739851 801622
660083 737921 410929 574235 179430 527737 259758 767718 461887 618737 654155 159248 698462 803354 566181 602552 977151 597781 927082 164364 740451 366773 442535 178598 512230 362665 744045 290840 120067 246559 546034 413737 936548 226167 646741 698364 866876 603860 757525 573733 842782 641216 393094 650667 896229 346285 791925 744085 953604 572099 721713 790997 708630 710238 291278 107549 697899 544467 295907 398828 420578 815129 731894 152503
947741 877778 139160 646592 965492 765617 398027 420486 513332 627686 345306 706454 136315 730296 835689 826066 366404 396392 863596 365042 766365 457482 610558 100183 753643 867411 112325 537635 673325 871068 222298 290719 462315 738873 736260 241798 114565 295014 871986 244153 474305 208051 978416 389442 904386 278391 740070 882316 455213 820461 175725 844145 282215 270566 965357 442336 860140 425973 293582 610682 703457 571215 223887 610666
510600 894948 956454 573845 283252 791109 628717 873730 130907 217172 985434 891586 736665 925528 613083 705114 959251 778020 306430 569280 726231 272486 861364 787230 784678 466888 425455 549371 719980 990206 906111 268317 802635 172170 310893 505809 695698 280911 773985 863564 302076 476002 617322 189903 303413 941716 193793 292116 697022 771543 216848 567956 530412 634034 230402 808162 813443 985986 418283 687362 832131 565129 656361 480778
283188 941115 953205 682873 998749 645515 799821 648818 264186 179338 429602 552081 905570 662445 877779 471575 933001 481987 689949 466290 465977 605594 664024 605452 630351 348505 979291 642073 853504 825347 847352 741190 912143 915848 343210 772383 864284 466235 656344 278606 704263 253437 187403 780807 398649 130014 924010 508687 467855 832737 509205 662329 246427 822920 791409 891357 946161 684158 206207 203225 949925 568845 879865 382373
304504 687561 279571 684368 669752 543428 342567 300159 719384 982441 843006 284703 432535 883387 815616 850780 694661 772768 516113 635531 465859 324439 795001 748937 887044 257467 858184 851270 744964 407591 437674 934932 468330 127713 890843 717220 194140 622364 751224 261953 245553 410469 269085 191582 741023 973350 240716 654155 465481 901731 144611 287104 862593 313930 854594 430460 525101 953773 552744 766523 682031 584960 227483 145582
364808 352093 693293 687414 124749 984970 636331 475748 511955 109407 277328 611872 595247 699880 340602 275532 192338 780304 943128 524877 612415 514492 577190 367507 996537 520518 689981 482461 875194 241458 625490 520524 561398 552020 248198 419803 248964 720634 442310 508246 955648 187267 247886 179729 532448 869355 941122 679316 712998 664484 910962 518452 162892 417739 197547 871882 538217 653473 130164 535617 120503 312754 718874 542266
620218 816799 708848 965023 239252 139111 567897 785252 603524 433765 544655 526615 817491 199459 887291 305042 593402 364032 815983 691797 240907 388861 124144 620394 606343 665556 873442 137176 387760 968274 960317 801052 944708 361750 703762 143752 202393 854091 482188 392387 595161 636751 150702 565745 521197 361484 559247 163538 686144 890997 209514 244023 141658 126901 536116 808245 655141 191318 295426 952537 363201 831617 354451 162593
328963 752176 747271 383299 799473 968385 515184 381342 704659 910912 330032 100726 100039 735284 564434 674773 315823 544824 615588 269264 863264 834640 378416 642032 545168 937043 606943 888543 893785 446944 867406 159990 787785 683068 500707 707010 456265 863677 591182 503250 834228 622122 942974 188895 117065 541095 950194 349024 722783 799956 694672 455187 719687 639279 610967 476672 264386 192236 446263 809471 748714 132358 863644 509963
851006 562648 440482 557703 434415 600236 586740 199503 955315 858522 603121 945328 176563 638897 720302 610510 165925 144964 670373 402704 518673 300724 221353 359111 272704 591894 385448 931264 838454 976506 405608 344933 397859 597978 685950 280258 828172 189510 882033 975806 962773 371244 418197 801473 130719 454331 267643 599121 660304 745871 273163 540853 373917 891173 926254 211555 108490 300262 755702 512137 738947 988423 460910 642272
354950 837697 579259 265224 719743 343682 899441 871898 242212 270431 709492 183518 483885 182593 229868 543385 361972 294275 717487 328529 997906 582028 848534 857610 718626 429586 820112 380198 543197 750874 934367 606964 387935 652774 294157 790527 547588 627006 361736 358285 942580 549097 462946 127994 815022 365020 201355 401115 381855 774390 325749 243385 431188 846173 776205 948896 656551 647928 109504 727693 542696 276817 845554 494197
776408 325181 948965 284786 737314 991112 591570 779061 158234 775223 311389 413902 134124 908071 832247 901969 420277 643812 149367 993537 153781 803856 573765 508395 921045 409375 772683 124714 780848 410720 984798 156427 685491 276633 378413 797760 151656 721635 963364 339865 846410 882126 151247 429562 868404 977832 408972 589673 578149 879924 675213 394980 237204 285188 821065 370467 113509 770502 545442 792609 134225 638235 751807 135094
739903 650689 469757 260428 856670 979229 557410 229596 430539 389643 836502 812742 354842 201604 347718 146338 869690 798615 586746 384960 783689 819385 478086 812106 692556 725626 672518 524880 779262 504656 550940 959791 640583 256319 228126 165692 727385 536721 557204 249486 830358 385166 422928 853513 833278 326745 921716 426500 178142 928959 114328 641475 507830 856097 838386 763177 672302 692842 901612 735389 810225 829338 695496 442341
436192 528042 754066 455742 464510 441931 489582 109378 519354 984180 983258 142608 265586 664505 154127 884676 968779 879039 881104 713537 422386 316050 838794 668359 794046 362061 137117 513370 566090 933549 919318 750118 167206 289396 802988 597294 974029 720138 783048 941215 455475 592962 507855 417091 285022 740080 131600 488406 941435 932765 936262 607401 703380 475655 642399 559910 602895 804384 684652 530607 101017 101807 384051 333844
365977 355202 790498 414166 556176 113032 922237 945463 353259 312764 262154 866476 643111 130881 575419 703582 476658 767274 433027 346212 550216 947764 968955 562466 518299 978925 931886 722564 941614 518357 462196 384885 566449 715670 275761 454460 819897 641917 245830 685013 176371 226298 699717 109697 277320 629261 407360 899815 496499 542281 559626 989393 228515 701195 522826 933567 657515 717937 633322 259300 669699 824176 360444 146817
850906 669881 937426 262113 116529 383339 350726 852304 252236 118827 223773 253499 175808 701118 265370 548669 655245 928252 455332 212352 537696 937723 321985 706781 802694 849290 597116 192838 892162 353886 324660 596818 759223 530846 621890 586844 202507 660325 262003 500246 704798 726339 816602 188850 273085 511931 336620 965049 314475 370949 143681 385569 637342 377761 369761 672724 735444 705984 854526 954947 795589 321893 921872 989405
763442 250113 979296 516600 371590 500554 195516 360317 688026 189232 199363 512773 715487 911987 329889 341312 862800 969153 383903 555399 227381 779217 707422 976291 510188 370051 548977 237867 602459 947944 602622 661677 493232 113466 161183 656951 375832 767968 464626 773882 586840 275185 623401 523532 127738 992363 767504 858141 420519 621144 353109 858743 777573 426527 700083 192353 631743 413701 349083 305400 745774 606640 576458 716510
803439 858586 489839 976303 520070 647584 519267 298328 371312 887205 490147 932887 582455 174281 635079 689164 779038 165303 281968 262812 248153 317011 490778 795894 294136 481481 905114 667099 823616 309993 394540 751478 386466 735645 279328 774820 384296 736335 590506 636734 299674 601047 761090 366414 586813 311219 540482 469279 832370 800649 234747 671527 981101 702111 969824 455146 240614 784189 768178 295287 908304 930059 541021 141476
667646 761163 462834 649263 717916 118533 620202 122412 629915 994218 130136 211675 569925 121766 688060 804738 872265 627804 434542 317124 616424 714069 965077 491864 331547 646847 404460 995253 802162 684130 676847 656867 550461 333641 885257 838809 419794 264073 295696 939338 382465 189828 874794 963320 576330 931799 439847 146725 750021 304022 385724 497608 176794 354041 686972 820103 219083 814214 714873 783960 178119 452264 172188 484294
759999 637676 769116 472838 496981 978780 736825 606306 615942 890567 390593 430330 648561 218183 428168 741697 852705 714542 173100 326894 410650 539581 857974 620135 981067 588515 533895 820618 469402 539644 160273 321813 988384 755100 704243 626488 858780 720889 651584 898156 952570 223071 804892 908273 417214 998150 725851 587150 501936 711092 118424 753350 368302 374750 403555 541049 250781 660572 770434 137467 504719 448098 877024 850701
352007 528092 852121 632975 606793 733645 397207 328182 823756 532915 355644 232828 356736 527776 659681 647880 759374 286968 374615 210449 156493 426862 513111 285233 920870 563547 265677 433582 252213 105063 228664 777360 826801 583788 836548 940463 817525 127608 382678 189388 942897 334321 333837 378689 650709 159551 286033 957396 351062 928872 523206 159495 399182 948977 716224 216809 706720 718373 114940 410498 298279 998848 548918 910426
477831 253557 487885 810375 368805 492821 379390 836034 796447 370025 561589 919089 489604 975847 311547 451796 902436 640160 431941 867532 517927 513200 984131 843540 987318 998986 403359 670840 865626 337243 586841 854082 910830 258127 822729 986737 512020 245755 324895 442459 916104 902869 476977 244779 891172 800188 489279 104427 215452 818581 853932 194718 449905 485118 672763 547293 462859 334194 324870 961404 885734 124542 115958 850422
675181 691806 702266 516755 591567 681867 412717 322035 194387 258590 218644 239240 186975 940125 529980 133210 486815 773273 421128 847380 930503 368454 505196 810027 831510 560471 278962 233384 934005 927420 843790 323588 248890 243284 179108 866055 833801 386879 299269 356768 928614 649251 463951 177518 598356 393990 319345 378535 239871 752391 525963 860027 270579 685210 949202 229457 178979 165176 869905 499424 581791 999732 300495 773916
575368 977757 598847 499617 948572 174963 110826 156413 225897 906697 575795 787695 333725 251814 882689 733536 831736 785816 111512 152150 764025 741488 864548 749024 488942 445865 639478 823622 922708 368107 846830 310113 702693 106899 438947 550060 984463 323546 725558 536685 271260 381118 112925 240817 698140 940198 140491 920218 331619 369744 487292 780473 639178 817596 929809 419018 859858 317342 386498 905593 470050 615887 558494 680137
568153 701035 928922 350705 697592 775637 553712 431213 895760 203343 271041 457025 324378 562177 840318 122496 275707 492920 380866 735440 359120 748654 822266 808518 937109 810895 718014 888276 549346 377377 468394 156415 729899 951706 785155 209653 796327 558875 385657 169156 814968 434451 478145 859324 414904 482860 341164 928721 266442 301632 194300 841188 231423 414413 422421 827530 500506 168098 101911 264903 918807 710632 848773 661641
250778 730118 387966 746154 790433 180999 177356 512168 902982 421373 318050 492496 124272 294090 572337 996173 164680 730529 717817 620310 363100 153387 792043 190793 623968 892394 228986 408951 474872 179462 660051 341255 978547 629698 751458 352540 106416 838524 969986 828117 306038 369038 538309 974126 745057 752231 861645 712142 546564 129920 477727 887200 282365 686606 746120 927298 367409 631219 632953 637666 250089 221303 740897 720942
612686 326362 433634 753911 408777 594629 849735 419796 970043 922953 145516 911165 139419 703189 898260 415485 790874 756580 262351 592371 736797 164933 206248 261737 953152 598101 437143 274980 491779 338025 386806 245430 338708 501810 940978 184581 549572 567280 682165 479031 712691 898184 958208 836458 281796 278892 164223 643589 861883 734271 664167 493164 375382 850191 629275 292914 698826 873328 393714 326006 934526 714722 197190 392344
634066 965672 392127 143284 150465 348654 275917 225535 305613 851182 887522 135274 490041 394731 506175 526561 870272 126942 480107 783560 269381 969905 233821 664075 815932 431520 696807 958429 515467 538684 804480 817568 644823 372628 337492 342740 574562 533025 636282 674966 160016 790773 809514 199707 509528 591191 882864 744197 953170 831513 253947 546892 274165 159469 676721 910111 953435 579543 318211 372858 738250 143314 630170 219539
753402 534675 424563 642741 921367 965405 848132 469694 454015 528230 652415 459350 983337 625159 273495 999070 189262 963972 832781 741402 100521 941682 149387 904930 837108 291482 128198 193117 248938 780941 646901 804806 479242 768690 547359 920390 936742 237048 268095 572950 344780 969356 564458 780921 504490 775704 783908 698511 282070 376627 730760 780850 385204 887365 344319 611368 986853 991473 451674 615715 149506 621545 329684 428659
501094 579704 224709 979074 631942 380713 245390 517854 105462 788311 177742 965584 350735 211391 609203 573772 351904 494171 823707 523912 440544 441466 836923 346257 841105 575401 372544 322887 385228 600947 297805 919476 989407 625759 363520 225750 595472 510653 698795 291540 387063 694431 765246 905474 852061 550341 954313 436168 395191 261745 257755 459158 775835 430459 657381 509685 950985 184289 279118 242640 564989 854424 938283 739977
685644 103491 841126 554425 424573 608587 911461 599694 619734 292054 793691 973270 961403 686801 139838 374356 249425 684576 422866 719006 697129 451742 796113 621399 428395 396136 508084 359065 107033 227532 246024 693411 200406 796548 521873 295963 474824 324803 526143 587736 492382 482004 816947 428789 791727 946363 477219 338652 280712 702632 701147 845089 678703 712804 758270 807889 391473 753511 924042 505718 161121 150853 119536 562221
112392 478835 649014 447825 334756 632077 603631 561449 305094 847028 934255 185690 872498 817846 365302 835169 428888 149422 510080 962724 492487 564046 562447 495936 303522 599685 592489 663645 440500 222288 540755 857282 860000 789967 173211 814169 420481 686115 187610 873596 303494 610054 502508 741565 457512 739857 686725 958437 296209 913867 575339 491116 719489 633193 320576 341734 547280 356302 304072 972552 261726 302977 781768 265249
998990 943243 264401 940103 210512 772640 551556 412685 512266 908869 797420 595130 962642 768865 227502 438108 512318 690061 170488 911747 958477 730989 759068 197153 871636 609280 488833 338450 643481 503863 737556 941707 878941 875581 653738 110771 353297 643247 961137 107908 518300 260371 250283 510782 920491 503331 304255 790885 108066 989788 798057 910244 316673 899116 828492 642955 889087 864289 273441 187642 745615 310052 859195 756802
680486 999743 110597 611874 716850 292517 888875 294460 604052 674220 768274 631970 593545 733091 851858 841925 879367 953677 860087 243679 993791 321207 104022 827429 203549 212244 320076 645627 784768 455501 779396 513369 135151 667285 447325 408519 282041 538908 293227 587093 315259 720734 249909 797721 264002 121614 552418 826389 835049 402165 940802 344528 385711 724743 644973 536138 308735 836752 592923 267311 319748 235461 763766 510396
478274 568454 249254 308454 217518 949387 502619 210021 478504 400453 931675 908068 873955 926752 499036 759011 776075 957852 739732 937214 944070 543280 650650 962179 228932 675157 666957 906269 603596 194199 231045 605485 338109 630618 190915 426092 153428 782900 113003 914281 394410 927378 182134 853266 515712 789478 203443 878606 742477 452016 904784 425336 636379 526744 216021 272352 233045 567944 285674 944629 945702 465564 122629 823679
899325 148323 634782 160533 935912 362512 648890 414343 150561 687256 916215 346177 483438 210979 917289 362128 503742 508852 725459 928673 139508 674374 194836 176030 344758 358461 216575 457451 268750 692184 912417 624084 328987 268421 190198 228181 490998 408438 177685 177513 148678 588251 807814 506547 973291 529928 696515 145606 267922 663950 431306 287950 689450 145476 472105 654648 737304 756645 124185 139486 939084 587650 200891 221814