689535 799351 262772 198889 807661 331896 693621 308818 575629 497444 458420 650114 191299 913514 552698 316873 767805 848143 645539 547500 387411 663035 241437 422684 247602 443966 829684 658038 354170 632991 126285 862181
293193 368669 225035 538677 229244 451357 276209 396918 219358 744259 600325 808917 606937 151866 775309 469828 761643 795279 165920 635415 593408 652674 224880 197703 688804 211300 874845 104595 325630 631862 507437 588318
310757 199685 237529 951212 221330 996198 744667 337263 449044 461858 492065 449258 892927 664504 980093 744648 556483 909896 121153 447508 996590 503982 163038 940130 565578 726147 306605 849697 603064 493732 318422 469699
399010 469974 287323 251354 598495 147600 717552 936473 127284 519103 226123 112457 463446 854373 216620 929390 970557 519153 154558 453548 452757 555349 665547 460755 364613 929372 274244 549432 240733 201596 565332 686889
625114 658940 431708 145162 839509 583342 442712 762277 935383 420768 597430 400483 820842 782169 550172 468638 351944 454733 149772 395386 762367 569636 758802 625215 212682 557664 786505 431226 130011 359340 915097 663403
209762 476651 129281 802721 983149 375531 787443 270372 874229 568780 621860 779085 674419 973063 504826 675125 528929 283405 630738 375410 195051 139356 759900 804310 713055 991512 117693 525138 154935 856312 370923 706343
426018 125274 868125 776355 959012 271107 474052 980813 580845 566922 463392 232201 588394 749512 790420 717626 456645 806570 917655 802694 560234 484965 841423 145300 722088 783710 628367 216962 396749 513725 658834 375451
164094 247363 123706 340591 265285 492020 931361 992774 774433 870447 999385 680686 383357 359547 333840 130207 780359 939418 175615 203541 462320 127407 774190 745001 113717 709475 395555 531900 332224 611578 907670 468203
622427 814890 411212 434821 212773 118262 175983 617358 178559 799210 165705 181030 271912 339641 703743 197202 929243 164361 832921 835882 566854 547430 508139 493907 167415 211834 811727 574523 577693 253577 630831 971445
425701 609669 388827 354173 615760 220790 479163 773585 902001 201712 727005 388357 393305 237769 893779 229803 431190 453001 224605 763444 451547 246926 355018 125312 681740 626435 923221 434014 944229 736627 199752 120936
121590 159205 980595 902326 965868 309263 488256 249163 384938 663668 194411 871096 923356 964431 964054 624459 751126 684950 648157 144023 690934 967883 740005 998953 218613 980400 306296 354999 611569 588312 710932 754266
551756 194774 770333 117749 941968 254100 191146 677143 170143 819880 380306 717985 830999 997178 593552 626832 644376 899002 931908 121656 309732 271353 272794 447594 241898 135581 840198 826931 967308 749642 293065 233020
700803 732984 667160 292114 504242 211111 405294 875464 856389 391646 910039 790156 828522 588427 480256 114995 556494 935706 174840 639660 515905 193512 483799 966113 367913 734846 520727 281217 933850 383035 520124 106196
819509 643495 410005 617482 798735 249594 125859 326331 387823 697697 278763 504694 457462 968919 914764 259716 986456 605339 127075 695108 777248 292070 981295 587184 644885 742356 474621 200183 673031 469826 543050 189414
944348 944398 712069 508814 457467 857810 420994 823855 493383 912732 156744 105641 108274 390184 563907 130109 171818 315134 138265 561224 398444 750040 636431 757680 837713 844495 526543 625604 612651 132863 867556 503542
820938 162907 840865 254802 455743 357305 906512 888783 613974 984071 912582 606692 604077 494290 740933 248342 769671 797142 208759 765002 727380 504597 869774 957123 632203 591940 728127 149991 198329 960682 304980 167194
624524 166997 493153 398611 146383 636544 576868 355687 521893 855574 592728 446525 968762 498166 692036 162018 685464 846164 645345 853945 538742 435112 676022 353962 753918 692550 296329 287813 255026 682524 355065 846095
581356 393635 383141 577176 286304 113845 271702 859298 172356 387767 200613 136357 128047 853662 610384 820595 361424 902054 930655 978350 892741 127135 490023 321014 486898 233227 281520 342635 581588 853223 375739 217467
111627 295521 833618 717362 870398 578211 401553 397416 332382 461990 718204 895251 395981 444708 784653 599512 547897 787651 827884 936749 423312 307399 906852 698093 223241 993392 391152 140986 104895 898198 872208 671941
585477 127646 691743 991721 435460 331817 464246 924573 762171 365194 294676 193711 861049 109089 881633 860791 573351 897613 345626 729908 619037 798421 934596 339735 101383 697862 672970 959250 632650 431213 341064 906400
873762 945687 937374 662715 614384 736054 113343 162612 821749 549519 802246 883790 333183 593839 284064 754023 494951 258874 933040 416903 366542 920617 649522 906472 342751 886979 199214 719430 530053 672344 683921 420322
473451 118570 259754 800133 475459 720600 232582 603391 439659 637862 530660 778750 619816 300749 886124 639691 294882 444610 902601 513881 726340 638329 581628 224366 905173 996498 393521 746203 388307 742802 248240 704902
212784 567660 260827 278473 765919 125607 736287 614046 977816 328604 127607 159065 442288 725056 907990 938357 813366 219064 687173 596761 349221 212534 241808 566088 199616 525688 216840 578643 568159 850472 432798 714782
366880 627921 903081 413825 616930 156326 519691 134062 269141 123865 284005 170211 146477 613571 794585 863160 809861 785928 879725 789352 725465 807801 323559 295168 500692 945336 315675 170299 265845 991253 444373 194935
148761 756144 261312 161839 726006 744857 203341 980565 931575 505437 387437 631894 864348 735014 305344 751628 187066 965756 234020 521110 330547 496459 296960 655375 650037 512868 943935 119352 896475 659736 588502 334838
555864 213083 781483 147231 935609 814394 911537 363716 620290 255374 141483 130732 297469 918071 273780 395710 406474 837642 264170 553253 104362 123732 923243 355656 169669 497716 900632 764365 261791 489907 970112 812321
832635 916632 702156 394059 638089 731517 287138 763242 131472 622835 959405 423232 551274 693821 322848 423864 767241 169722 453884 855787 519472 642625 120735 621764 214528 824229 338816 166817 278532 794547 514816 778211
864292 327205 525193 297672 604122 422122 775091 826016 285082 812825 938385 647500 462011 665276 511398 518341 638728 440746 284496 396513 268579 496409 287963 124155 980451 301966 310222 823508 286656 416185 783608 302279
617957 734393 691015 911732 182639 768270 744567 870830 197825 480571 546639 494660 986004 946519 352563 369040 285556 275643 468778 440631 232840 653708 435544 144100 288606 441156 653050 438796 587018 157708 904127 333668
173206 818755 986806 998498 959733 808595 519480 548708 476239 980552 487001 220597 399017 194325 279311 972992 461578 925510 136672 122066 586623 960994 596031 213245 673280 535249 146888 672973 268211 163306 650983 325819
284495 533303 267179 966838 858660 562336 985912 583073 509172 164191 302286 797326 554579 607400 864645 637062 775288 360333 401471 584127 890374 319085 104959 877626 133437 209385 554067 282938 742212 224037 421413 168458
142012 380255 618272 351833 590102 677108 533214 500104 176884 708332 341038 600454 548273 653671 265452 874813 100849 488564 784817 612272 873804 185743 965575 325744 570109 946993 302944 252787 253019 764116 293318 265836